-1,-1,-1,0.0191917992917373,-0.00050255495102501,10,0,-122.417594909668,-0.803690731525421
-1,-1,-1,0.0191917992917373,-0.00050255495102501,10,0,-120.854415893555,35.830192565918
-1,-1,-1,0.0191917992917373,-0.00050255495102501,10,0,-127.108596801758,-39.1861572265625
-1,-1,-1,0.0191917992917373,-0.00050255495102501,10,0,-122.337455749512,8.31689071655273
-1,-1,-1,0.0191917992917373,-0.00050255495102501,10,0,-128.35774230957,143.050308227539
-1,-1,-1,0.0191917992917373,-0.00050255495102501,10,0,-119.345985412598,126.173736572266
-1,-1,-1,0.0191917992917373,-0.00050255495102501,10,0,-120.786613464355,-43.7126770019531
-1,-1,-1,0.0191917992917373,-0.00050255495102501,10,0,-125.551513671875,10.6763429641724
-1,-1,-1,0.0191917992917373,-0.00050255495102501,10,0,-123.045555114746,-23.8958396911621
-1,-1,-1,0.0191917992917373,-0.00050255495102501,10,0,-121.555076599121,-44.1104850769043
-1,-1,-1,0.0191917992917373,-0.00050255495102501,10,0,-129.904083251953,141.059951782227
-1,-1,-1,0.0191917992917373,-0.00050255495102501,10,0,-119.203796386719,73.9995574951172
-1,-1,-1,0.0191917992917373,-0.00050255495102501,10,0,-129.078308105469,102.930854797363
-1,-1,-1,0.0191917992917373,-0.00050255495102501,10,0,-131.530380249023,168.91748046875
-1,-1,69.4169921875,0.00690604261574196,0.0179132436181358,10,0,-118.137741088867,96.3948364257813
-1,-1,-1,0.0191917992917373,-0.00050255495102501,10,0,-118.058876037598,-160.092895507813
-1,-1,-1,0.0191917992917373,-0.00050255495102501,10,0,-120.809982299805,109.51473236084
-1,-1,-1,0.0191917992917373,-0.00050255495102501,10,0,-120.291488647461,134.42204284668
-1,-1,-1,0.0191917992917373,-0.00050255495102501,10,0,-145.902465820313,-103.545845031738
-1,-1,-1,0.0191917992917373,-0.00050255495102501,10,0,-133.330993652344,171.208801269531
-1,-1,-1,0.0191917992917373,-0.00050255495102501,10,0,-121.250427246094,-35.2074203491211
-1,-1,-1,0.0191917992917373,-0.00050255495102501,10,0,-121.609977722168,58.2929611206055
-1,-1,-1,0.0191917992917373,-0.00050255495102501,10,0,-127.381286621094,-167.236953735352
-1,-1,-1,0.0191917992917373,-0.00050255495102501,10,0,-117.379364013672,96.841926574707
-1,-1,-1,0.0191917992917373,-0.00050255495102501,10,0,-120.752365112305,62.9172439575195
-1,-1,-1,0.0191917992917373,-0.00050255495102501,10,0,-126.788536071777,-58.9471969604492
-1,-1,-1,0.0191917992917373,-0.00050255495102501,10,0,-127.542877197266,-85.6008605957031
-1,-1,-1,0.0191917992917373,-0.00050255495102501,10,0,-123.760231018066,-69.6950836181641
-1,-1,-1,0.0191917992917373,-0.00050255495102501,10,0,-128.752960205078,-27.1071586608887
-1,-1,-1,0.0191917992917373,-0.00050255495102501,10,0,-126.366813659668,-50.598014831543
-1,-1,-1,0.0191917992917373,-0.00050255495102501,10,0,-121.935302734375,15.024094581604
-1,-1,-1,0.0191917992917373,-0.00050255495102501,10,0,-122.57364654541,41.8947219848633
-1,-1,-1,0.0191917992917373,-0.00050255495102501,10,0,-120.652221679688,136.313171386719
-1,-1,-1,0.0191917992917373,-0.00050255495102501,10,0,-117.083114624023,-9.80886363983154
-1,-1,-1,0.0191917992917373,-0.00050255495102501,10,0,-121.987930297852,24.4404487609863
-1,-1,-1,0.0191917992917373,-0.00050255495102501,10,0,-120.856155395508,-170.296051025391
-1,-1,-1,0.0191917992917373,-0.00050255495102501,10,0,-120.397567749023,-20.0531578063965
-1,-1,-1,0.0191917992917373,-0.00050255495102501,10,0,-119.879272460938,-151.029724121094
-1,-1,-1,0.0191917992917373,-0.00050255495102501,10,0,-125.891242980957,-93.9465484619141
-1,-1,-1,0.0191917992917373,-0.00050255495102501,10,0,-116.379814147949,2.71531510353088
-1,64.71484375,-1,0.0191917992917373,-0.00050255495102501,10,0,-125.48274230957,89.3057556152344
-1,-1,-1,0.0191917992917373,-0.00050255495102501,10,0,-116.168365478516,-67.1323852539063
-1,-1,-1,0.0191917992917373,-0.00050255495102501,10,0,-120.363319396973,-33.4670867919922
-1,-1,-1,0.0191917992917373,-0.00050255495102501,10,0,-122.677352905273,160.42594909668
-1,-1,-1,0.0191917992917373,-0.00050255495102501,10,0,-120.888305664063,127.562301635742
-1,-1,-1,0.0191917992917373,-0.00050255495102501,10,0,-121.731323242188,-27.6009502410889
-1,-1,-1,0.0191917992917373,-0.00050255495102501,10,0,-136.198638916016,69.8642272949219
-1,-1,-1,0.0191917992917373,-0.00050255495102501,10,0,-121.514259338379,-23.9413318634033
-1,-1,-1,0.0191917992917373,-0.00050255495102501,10,0,-125.042037963867,46.9025726318359
-1,-1,-1,0.0191917992917373,-0.00050255495102501,10,0,-125.525329589844,-20.0970039367676
-1,-1,-1,0.0191917992917373,-0.00050255495102501,10,0,-119.81640625,-151.209121704102
-1,-1,-1,0.0191917992917373,-0.00050255495102501,10,0,-124.385643005371,-136.103118896484
-1,-1,-1,0.0191917992917373,-0.00050255495102501,10,0,-115.862327575684,-35.8057327270508
-1,-1,-1,0.0191917992917373,-0.00050255495102501,10,0,-125.289077758789,101.653800964355
-1,-1,-1,0.0191917992917373,-0.00050255495102501,10,0,-128.788635253906,-67.731071472168
-1,-1,-1,0.0191917992917373,-0.00050255495102501,10,0,-126.892837524414,-30.3135318756104
-1,-1,-1,0.0191917992917373,-0.00050255495102501,10,0,-118.395118713379,-45.2708473205566
-1,-1,-1,0.0191917992917373,-0.00050255495102501,10,0,-117.61190032959,34.824275970459
-1,-1,-1,0.0191917992917373,-0.00050255495102501,10,0,-122.983123779297,100.368988037109
-1,56.98046875,-1,0.0191917992917373,-0.00050255495102501,10,0,-120.319488525391,-167.142471313477
-1,-1,-1,0.0191917992917373,-0.00050255495102501,10,0,-119.090751647949,-37.7574119567871
-1,-1,-1,0.0191917992917373,-0.00050255495102501,10,0,-120.809928894043,16.8615093231201
-1,-1,-1,0.0191917992917373,-0.00050255495102501,10,0,-121.780952453613,131.957015991211
-1,-1,-1,0.0191917992917373,-0.00050255495102501,10,0,-139.940963745117,-138.147521972656
-1,-1,-1,0.0191917992917373,-0.00050255495102501,10,0,-124.224876403809,-115.881019592285
-1,54.2119140625,-1,0.0191917992917373,-0.00050255495102501,10,0,-125.887840270996,-149.804336547852
-1,-1,-1,0.0191917992917373,-0.00050255495102501,10,0,-132.304397583008,-43.5090789794922
-1,-1,-1,0.0191917992917373,-0.00050255495102501,10,0,-126.913078308105,-15.9440565109253
-1,-1,-1,0.0191917992917373,-0.00050255495102501,10,0,-118.923286437988,-48.2507553100586
-1,-1,-1,0.0191917992917373,-0.00050255495102501,10,0,-127.647117614746,-14.9048471450806
-1,-1,-1,0.0191917992917373,-0.00050255495102501,10,0,-125.755195617676,-12.4370746612549
-1,-1,-1,0.0191917992917373,-0.00050255495102501,10,0,-124.105567932129,-16.0192012786865
-1,-1,-1,0.0191917992917373,-0.00050255495102501,10,0,-125.503639221191,83.2280044555664
-1,-1,-1,0.0191917992917373,-0.00050255495102501,10,0,-140.970397949219,-80.4002685546875
-1,-1,-1,0.0191917992917373,-0.00050255495102501,10,0,-126.798866271973,-35.2245407104492
-1,-1,-1,0.0191917992917373,-0.00050255495102501,10,0,-124.578727722168,-26.5524196624756
-1,-1,-1,0.0191917992917373,-0.00050255495102501,10,0,-124.58861541748,-13.2402181625366
-1,-1,-1,0.0191917992917373,-0.00050255495102501,10,0,-121.55558013916,108.79808807373
-1,-1,-1,0.0191917992917373,-0.00050255495102501,10,0,-135.288589477539,-129.745086669922
-1,-1,-1,0.0191917992917373,-0.00050255495102501,10,0,-130.95735168457,-59.6414184570313
-1,-1,-1,0.0191917992917373,-0.00050255495102501,10,0,-123.572769165039,45.7643547058105
-1,-1,-1,0.0191917992917373,-0.00050255495102501,10,0,-127.640892028809,98.4500122070313
-1,-1,-1,0.0191917992917373,-0.00050255495102501,10,0,-116.586532592773,-63.5216255187988
-1,-1,-1,0.0191917992917373,-0.00050255495102501,10,0,-124.193992614746,154.947982788086
